;# galnum,[OII]3727,Hb,[OIII]4959,[OIII]5007,[OI]6300,Ha,[NII]6584,[SII]6717,[SII]6731,[SIII]9069,[SIII]9532,flag,E(B-V),dE(B-V),scale_blue,d scale_blue
       1    0.48    0.12    0.03    0.13     0.0    0.54    0.16    0.11    0.07     0.0     0.0 BR_scaled         0.27 0.14 1.06 0.16
       2    0.06    0.02    0.01    0.02     0.0    0.08    0.02    0.02    0.01     0.0     0.0         B         0.00 0.00 1.00 0.00
       3    1.34    0.71    0.19    0.77     0.0    4.84    1.76    0.75    0.55     0.0     0.0 BR_scaled         0.72 0.14 1.80 0.26
       4     0.0     0.0     0.0     0.0     0.0    0.32    0.17     0.0     0.0     0.0     0.0         R         0.00 0.00 1.00 0.00
       5    1.76    0.65    0.23    0.75     0.0    2.58    0.52    0.34    0.31     0.0     0.0 BR_scaled         0.21 0.11 1.32 0.15
       6    0.19    0.35     0.0    0.02     0.0    1.36    0.41    0.13    0.08     0.0     0.0 BR_scaled         0.12 0.17 1.41 0.24
       7   -0.01    0.02     0.0    0.01     0.0    0.17    0.07    0.09    0.05     0.0     0.0 BR_scaled         0.05 0.52 0.46 0.29
       8    0.52    0.10     0.0    0.02     0.0    0.60    0.17    0.12    0.09     0.0     0.0         B         0.00 0.00 1.00 0.00
       9    0.25    0.07    0.03    0.10     0.0    0.35    0.09    0.06    0.03     0.0     0.0         B         0.00 0.00 1.00 0.00
      10    1.04    0.48    0.47    1.42     0.0    2.17    0.16    0.19    0.12     0.0     0.0 BR_scaled         0.00 0.36 1.08 0.40
      11    0.06    0.01     0.0    0.01     0.0    0.05    0.01    0.01    0.00     0.0     0.0         B         0.00 0.00 1.00 0.00
      12    0.49    0.10    0.06    0.20     0.0    0.43    0.03    0.05    0.03     0.0     0.0 BR_scaled         0.14 0.20 0.93 0.19
      13    0.47    0.11    0.09    0.22     0.0    0.41    0.05    0.09    0.06     0.0     0.0 BR_scaled         0.00 0.24 1.02 0.25
      14    0.17    0.05     0.0     0.0     0.0    0.53    0.21    0.07    0.06     0.0     0.0         B         0.00 0.00 1.00 0.00
      15    1.15    0.26    0.18    0.65    0.08    1.72    0.40    0.30    0.21     0.0     0.0         B         0.00 0.00 1.00 0.00
      16    0.11    0.06     0.0    0.02     0.0    0.35    0.18    0.08    0.05     0.0     0.0 BR_scaled         0.40 0.22 1.11 0.25
      17    2.55    0.96    1.28    3.62    0.06    3.51    0.26    0.35    0.28     0.0     0.0        BR         0.23 0.02 1.00 0.00
      18    0.05    0.02    0.01    0.03     0.0    0.04    0.00    0.00    0.00     0.0     0.0         B         0.00 0.00 1.00 0.00
      19    0.02    0.01     0.0    0.00     0.0    0.15    0.05    0.04    0.03     0.0     0.0 BR_scaled         1.18 0.39 0.23 0.13
      20     0.0     0.0     0.0     0.0    0.08    3.09    0.24    0.38    0.28     0.0     0.0         R         0.00 0.00 1.00 0.00
      21    0.55    0.11    0.14    0.43     0.0    0.33    0.05    0.04    0.02     0.0     0.0        BR         0.04 0.07 1.00 0.00
      22     0.0    0.02    0.01    0.04     0.0    0.09    0.02    0.02    0.01     0.0     0.0        BR         0.52 0.14 1.00 0.00
      23    0.22    0.08     0.0    0.03     0.0    0.69    0.14    0.06    0.05     0.0     0.0 BR_scaled         0.89 0.23 0.71 0.17
      24    0.06    0.11     0.0     0.0     0.0    0.76    0.30    0.14    0.12     0.0     0.0 BR_scaled         0.43 0.34 0.88 0.31
      25    0.34    0.04    0.04    0.13     0.0    0.15    0.02    0.03    0.03     0.0     0.0         B         0.00 0.00 1.00 0.00
      26    0.28    0.35     0.0     0.0     0.0    2.10    0.76    0.18    0.23     0.0     0.0        BR         0.60 0.15 1.00 0.00
      27    5.94    7.47     0.0    1.16     0.0   42.77   14.33    5.03    3.85     0.0     0.0        BR         0.69 0.01 1.00 0.00
      28    1.79    0.93     0.0    0.27    0.11    4.72    1.62    0.92    0.52     0.0     0.0        BR         0.56 0.03 1.00 0.00
      29    0.83    0.21     0.0    0.11     0.0    0.68    0.56    0.45    0.34     0.0     0.0        BR         0.00 0.15 1.00 0.00
      30    0.28    0.13     0.0    0.09     0.0    1.45    0.55    0.32    0.23     0.0     0.0 BR_scaled         1.01 0.28 0.65 0.19
      31     0.0     0.0     0.0     0.0     0.0    0.26    0.08    0.05    0.05     0.0     0.0         R         0.00 0.00 1.00 0.00
      32    0.37    0.15     0.0    0.09     0.0    0.58    0.21    0.12    0.07     0.0     0.0 BR_scaled         0.00 0.27 1.48 0.41
      33    6.20    2.39    2.54    8.17     0.0    9.32    0.52    0.84    0.56     0.0     0.0        BR         0.29 0.03 1.00 0.00
      34    0.88    0.14    0.06    0.10     0.0    1.23    0.47    0.17    0.13     0.0     0.0        BR         1.11 0.05 1.00 0.00
      35   47.60   38.11    6.52   16.76     0.0  160.79   52.60   23.45   15.82     0.0     0.0        BR         0.38 0.01 1.00 0.00
      36    5.89    2.02    1.05    3.27     0.0    8.42    0.95    1.29    0.88     0.0     0.0        BR         0.34 0.07 1.00 0.00
      37    2.77    1.21    0.14    0.04     0.0    3.96    0.75    0.79    0.54     0.0     0.0        BR         0.12 0.04 1.00 0.00
      38    1.24    0.44    0.12    0.33     0.0    1.64    0.46    0.31    0.25     0.0     0.0        BR         0.24 0.03 1.00 0.00
      39    0.15    0.03    0.06    0.19     0.0    0.13    0.02    0.02    0.00     0.0     0.0        BR         0.30 0.04 1.00 0.00
      40     0.0     0.0     0.0     0.0     0.0    0.64    0.22     0.0     0.0     0.0     0.0        BR         0.00 0.00 1.00 0.00
