;# galnum,[OII]3727,Hb,[OIII]4959,[OIII]5007,[OI]6300,Ha,[NII]6584,[SII]6717,[SII]6731,[SIII]9069,[SIII]9532,flag,E(B-V),dE(B-V),scale_blue,d scale_blue
       1    0.64    0.17    0.05    0.17     0.0    0.55    0.17    0.12    0.08     0.0     0.0 BR_scaled         0.27 0.14 1.06 0.16
       2    0.08    0.02    0.01    0.02     0.0    0.09    0.03    0.03    0.02     0.0     0.0         B         0.00 0.00 1.00 0.00
       3    1.80    0.96    0.26    1.03     0.0    4.88    1.78    0.76    0.57     0.0     0.0 BR_scaled         0.72 0.14 1.80 0.26
       4     0.0     0.0     0.0     0.0     0.0    0.37    0.22     0.0     0.0     0.0     0.0         R         0.00 0.00 1.00 0.00
       5    2.20    0.81    0.29    0.94     0.0    2.60    0.54    0.35    0.32     0.0     0.0 BR_scaled         0.21 0.11 1.32 0.15
       6    0.27    0.50     0.0    0.03     0.0    1.38    0.42    0.13    0.09     0.0     0.0 BR_scaled         0.12 0.17 1.41 0.24
       7    0.30    0.10     0.0    0.09     0.0    0.19    0.10    0.12    0.07     0.0     0.0 BR_scaled         0.05 0.52 0.46 0.29
       8    0.85    0.14     0.0    0.06     0.0    0.62    0.18    0.13    0.10     0.0     0.0         B         0.00 0.00 1.00 0.00
       9    0.30    0.08    0.04    0.12     0.0    0.36    0.10    0.07    0.04     0.0     0.0         B         0.00 0.00 1.00 0.00
      10    2.30    1.08    1.03    3.12     0.0    2.27    0.21    0.21    0.14     0.0     0.0 BR_scaled         0.00 0.36 1.08 0.40
      11    0.08    0.02     0.0    0.01     0.0    0.05    0.01    0.01    0.01     0.0     0.0         B         0.00 0.00 1.00 0.00
      12    0.75    0.16    0.09    0.31     0.0    0.44    0.03    0.06    0.04     0.0     0.0 BR_scaled         0.14 0.20 0.93 0.19
      13    0.77    0.18    0.15    0.36     0.0    0.42    0.06    0.09    0.07     0.0     0.0 BR_scaled         0.00 0.24 1.02 0.25
      14    0.20    0.05     0.0     0.0     0.0    0.55    0.22    0.08    0.07     0.0     0.0         B         0.00 0.00 1.00 0.00
      15    1.23    0.29    0.20    0.67    0.09    1.75    0.42    0.32    0.23     0.0     0.0         B         0.00 0.00 1.00 0.00
      16    0.18    0.10     0.0    0.04     0.0    0.36    0.18    0.09    0.06     0.0     0.0 BR_scaled         0.40 0.22 1.11 0.25
      17    2.62    1.00    1.30    3.64    0.07    3.53    0.27    0.37    0.30     0.0     0.0        BR         0.23 0.02 1.00 0.00
      18    0.07    0.03    0.02    0.04     0.0    0.04    0.00    0.01    0.00     0.0     0.0         B         0.00 0.00 1.00 0.00
      19    0.10    0.03     0.0    0.02     0.0    0.16    0.06    0.06    0.04     0.0     0.0 BR_scaled         1.18 0.39 0.23 0.13
      20     0.0     0.0     0.0     0.0    0.10    3.11    0.25    0.39    0.29     0.0     0.0         R         0.00 0.00 1.00 0.00
      21    0.60    0.12    0.15    0.45     0.0    0.35    0.06    0.06    0.04     0.0     0.0        BR         0.04 0.07 1.00 0.00
      22     0.0    0.02    0.01    0.05     0.0    0.10    0.02    0.02    0.02     0.0     0.0        BR         0.52 0.14 1.00 0.00
      23    0.36    0.13     0.0    0.06     0.0    0.70    0.15    0.07    0.05     0.0     0.0 BR_scaled         0.89 0.23 0.71 0.17
      24    0.20    0.24     0.0     0.0     0.0    0.78    0.32    0.15    0.14     0.0     0.0 BR_scaled         0.43 0.34 0.88 0.31
      25    0.40    0.06    0.05    0.16     0.0    0.17    0.03    0.04    0.04     0.0     0.0         B         0.00 0.00 1.00 0.00
      26    0.50    0.48     0.0     0.0     0.0    2.23    0.87    0.29    0.32     0.0     0.0        BR         0.60 0.15 1.00 0.00
      27    6.29    7.67     0.0    1.28     0.0   43.04   14.50    5.16    3.97     0.0     0.0        BR         0.69 0.01 1.00 0.00
      28    1.90    0.99     0.0    0.33    0.15    4.77    1.66    0.96    0.56     0.0     0.0        BR         0.56 0.03 1.00 0.00
      29    0.93    0.28     0.0    0.17     0.0    0.72    0.60    0.48    0.37     0.0     0.0        BR         0.00 0.15 1.00 0.00
      30    0.52    0.24     0.0    0.18     0.0    1.47    0.57    0.33    0.24     0.0     0.0 BR_scaled         1.01 0.28 0.65 0.19
      31     0.0     0.0     0.0     0.0     0.0    0.27    0.09    0.06    0.06     0.0     0.0         R         0.00 0.00 1.00 0.00
      32    0.66    0.27     0.0    0.15     0.0    0.60    0.22    0.13    0.08     0.0     0.0 BR_scaled         0.00 0.27 1.48 0.41
      33    6.51    2.51    2.67    8.29     0.0    9.43    0.58    0.93    0.65     0.0     0.0        BR         0.29 0.03 1.00 0.00
      34    0.91    0.15    0.07    0.12     0.0    1.25    0.48    0.20    0.15     0.0     0.0        BR         1.11 0.05 1.00 0.00
      35   50.54   39.17    7.06   17.31     0.0  161.69   53.23   23.78   16.15     0.0     0.0        BR         0.38 0.01 1.00 0.00
      36    6.51    2.29    1.32    3.57     0.0    8.74    1.22    1.45    1.04     0.0     0.0        BR         0.34 0.07 1.00 0.00
      37    2.97    1.29    0.20    0.09     0.0    4.09    0.82    0.85    0.60     0.0     0.0        BR         0.12 0.04 1.00 0.00
      38    1.28    0.47    0.15    0.36     0.0    1.66    0.48    0.33    0.26     0.0     0.0        BR         0.24 0.03 1.00 0.00
      39    0.15    0.04    0.06    0.19     0.0    0.14    0.02    0.03    0.01     0.0     0.0        BR         0.30 0.04 1.00 0.00
      40     0.0     0.0     0.0     0.0     0.0    0.82    0.35     0.0     0.0     0.0     0.0        BR         0.00 0.00 1.00 0.00
